(kicad_pcb (version 20171130) (host pcbnew "(5.1.7)-1")

  (general
    (thickness 1.6)
    (drawings 0)
    (tracks 0)
    (zones 0)
    (modules 28)
    (nets 96)
  )

  (page A4)
  (layers
    (0 F.Cu signal)
    (31 B.Cu signal)
    (32 B.Adhes user)
    (33 F.Adhes user)
    (34 B.Paste user)
    (35 F.Paste user)
    (36 B.SilkS user)
    (37 F.SilkS user)
    (38 B.Mask user)
    (39 F.Mask user)
    (40 Dwgs.User user)
    (41 Cmts.User user)
    (42 Eco1.User user)
    (43 Eco2.User user)
    (44 Edge.Cuts user)
    (45 Margin user)
    (46 B.CrtYd user)
    (47 F.CrtYd user)
    (48 B.Fab user)
    (49 F.Fab user)
  )

  (setup
    (last_trace_width 0.25)
    (trace_clearance 0.2)
    (zone_clearance 0.508)
    (zone_45_only no)
    (trace_min 0.2)
    (via_size 0.8)
    (via_drill 0.4)
    (via_min_size 0.4)
    (via_min_drill 0.3)
    (uvia_size 0.3)
    (uvia_drill 0.1)
    (uvias_allowed no)
    (uvia_min_size 0.2)
    (uvia_min_drill 0.1)
    (edge_width 0.05)
    (segment_width 0.2)
    (pcb_text_width 0.3)
    (pcb_text_size 1.5 1.5)
    (mod_edge_width 0.12)
    (mod_text_size 1 1)
    (mod_text_width 0.15)
    (pad_size 1.524 1.524)
    (pad_drill 0.762)
    (pad_to_mask_clearance 0)
    (aux_axis_origin 0 0)
    (visible_elements FFFFFF7F)
    (pcbplotparams
      (layerselection 0x010fc_ffffffff)
      (usegerberextensions false)
      (usegerberattributes true)
      (usegerberadvancedattributes true)
      (creategerberjobfile true)
      (excludeedgelayer true)
      (linewidth 0.100000)
      (plotframeref false)
      (viasonmask false)
      (mode 1)
      (useauxorigin false)
      (hpglpennumber 1)
      (hpglpenspeed 20)
      (hpglpendiameter 15.000000)
      (psnegative false)
      (psa4output false)
      (plotreference true)
      (plotvalue true)
      (plotinvisibletext false)
      (padsonsilk false)
      (subtractmaskfromsilk false)
      (outputformat 1)
      (mirror false)
      (drillshape 1)
      (scaleselection 1)
      (outputdirectory ""))
  )

  (net 0 "")
  (net 1 +9V)
  (net 2 GND)
  (net 3 +3V3)
  (net 4 +5V)
  (net 5 "Net-(C5-Pad1)")
  (net 6 "Net-(C6-Pad1)")
  (net 7 "Net-(C7-Pad1)")
  (net 8 ELEV_PLUS)
  (net 9 ELEV_MINUS)
  (net 10 AZI_PLUS)
  (net 11 AZI_MINUS)
  (net 12 ELEV_CTL)
  (net 13 AZI_CTL)
  (net 14 "Net-(Conn6-Pad2)")
  (net 15 "Net-(Conn6-Pad4)")
  (net 16 "Net-(Conn6-Pad6)")
  (net 17 "Net-(Conn6-Pad8)")
  (net 18 "Net-(Conn6-Pad10)")
  (net 19 LCD_TX)
  (net 20 "Net-(D1-Pad2)")
  (net 21 "Net-(D2-Pad2)")
  (net 22 "Net-(R1-Pad1)")
  (net 23 "Net-(R2-Pad1)")
  (net 24 "Net-(R3-Pad2)")
  (net 25 KBoard_RX)
  (net 26 KBoard_TX)
  (net 27 "Net-(U1-PadPM6)")
  (net 28 "Net-(U1-PadPQ1)")
  (net 29 "Net-(U1-PadPQ2)")
  (net 30 "Net-(U1-PadPK0)")
  (net 31 "Net-(U1-PadPQ3)")
  (net 32 "Net-(U1-PadPP3)")
  (net 33 "Net-(U1-PadPQ0)")
  (net 34 "Net-(U1-PadPA4)")
  (net 35 "Net-(U1-PadRese')")
  (net 36 "Net-(U1-PadPA7)")
  (net 37 "Net-(U1-PadPN5)")
  (net 38 "Net-(U1-PadPK2)")
  (net 39 "Net-(U1-PadPK1)")
  (net 40 "Net-(U1-PadPB4)")
  (net 41 "Net-(U1-PadPB5)")
  (net 42 "Net-(U1-PadPK3)")
  (net 43 "Net-(U1-PadPA5)")
  (net 44 "Net-(U1-PadPD2)")
  (net 45 "Net-(U1-PadPD4)")
  (net 46 "Net-(U1-PadPD5)")
  (net 47 "Net-(U1-PadPP4)")
  (net 48 "Net-(U1-PadPN4)")
  (net 49 "Net-(U1-PadPG1)")
  (net 50 "Net-(U1-PadPK4)")
  (net 51 "Net-(U1-PadPK5)")
  (net 52 "Net-(U1-PadPM0)")
  (net 53 "Net-(U1-PadPM1)")
  (net 54 "Net-(U1-PadPM2)")
  (net 55 "Net-(U1-PadPH0)")
  (net 56 "Net-(U1-PadPH1)")
  (net 57 "Net-(U1-PadPK6)")
  (net 58 "Net-(U1-PadPK7)")
  (net 59 "Net-(U1-PadPM7)")
  (net 60 "Net-(U1-PadPP5)")
  (net 61 "Net-(U1-Pad+5V)")
  (net 62 "Net-(U1-PadPD7)")
  (net 63 "Net-(U1-PadPA6)")
  (net 64 "Net-(U1-PadPE4)")
  (net 65 "Net-(U1-PadPC4)")
  (net 66 "Net-(U1-PadPC6)")
  (net 67 "Net-(U1-PadPE5)")
  (net 68 "Net-(U1-PadPD3)")
  (net 69 "Net-(U1-PadPC7)")
  (net 70 "Net-(U1-PadPB2)")
  (net 71 "Net-(U1-PadPB3)")
  (net 72 "Net-(U1-PadPF1)")
  (net 73 "Net-(U1-PadPF2)")
  (net 74 "Net-(U1-PadPF3)")
  (net 75 "Net-(U1-PadPG0)")
  (net 76 "Net-(U1-PadPL4)")
  (net 77 "Net-(U1-PadPL5)")
  (net 78 "Net-(U1-PadPL0)")
  (net 79 "Net-(U1-PadPL1)")
  (net 80 "Net-(U1-PadPL2)")
  (net 81 "Net-(U1-PadPL3)")
  (net 82 "Net-(U1-PadPM3)")
  (net 83 "Net-(U1-PadPH2)")
  (net 84 "Net-(U1-PadPH3)")
  (net 85 "Net-(U1-PadRese)")
  (net 86 "Net-(U1-PadPD1)")
  (net 87 "Net-(U1-PadPD0)")
  (net 88 "Net-(U1-PadPN2)")
  (net 89 "Net-(U1-PadPN3)")
  (net 90 "Net-(U1-PadPP2)")
  (net 91 "Net-(U4-Pad2)")
  (net 92 "Net-(U4-Pad6)")
  (net 93 "Net-(U4-Pad7)")
  (net 94 "Net-(U4-Pad14)")
  (net 95 "Net-(U4-Pad15)")

  (net_class Default "This is the default net class."
    (clearance 0.2)
    (trace_width 0.25)
    (via_dia 0.8)
    (via_drill 0.4)
    (uvia_dia 0.3)
    (uvia_drill 0.1)
    (add_net +3V3)
    (add_net +5V)
    (add_net +9V)
    (add_net AZI_CTL)
    (add_net AZI_MINUS)
    (add_net AZI_PLUS)
    (add_net ELEV_CTL)
    (add_net ELEV_MINUS)
    (add_net ELEV_PLUS)
    (add_net GND)
    (add_net KBoard_RX)
    (add_net KBoard_TX)
    (add_net LCD_TX)
    (add_net "Net-(C5-Pad1)")
    (add_net "Net-(C6-Pad1)")
    (add_net "Net-(C7-Pad1)")
    (add_net "Net-(Conn6-Pad10)")
    (add_net "Net-(Conn6-Pad2)")
    (add_net "Net-(Conn6-Pad4)")
    (add_net "Net-(Conn6-Pad6)")
    (add_net "Net-(Conn6-Pad8)")
    (add_net "Net-(D1-Pad2)")
    (add_net "Net-(D2-Pad2)")
    (add_net "Net-(R1-Pad1)")
    (add_net "Net-(R2-Pad1)")
    (add_net "Net-(R3-Pad2)")
    (add_net "Net-(U1-Pad+5V)")
    (add_net "Net-(U1-PadPA4)")
    (add_net "Net-(U1-PadPA5)")
    (add_net "Net-(U1-PadPA6)")
    (add_net "Net-(U1-PadPA7)")
    (add_net "Net-(U1-PadPB2)")
    (add_net "Net-(U1-PadPB3)")
    (add_net "Net-(U1-PadPB4)")
    (add_net "Net-(U1-PadPB5)")
    (add_net "Net-(U1-PadPC4)")
    (add_net "Net-(U1-PadPC6)")
    (add_net "Net-(U1-PadPC7)")
    (add_net "Net-(U1-PadPD0)")
    (add_net "Net-(U1-PadPD1)")
    (add_net "Net-(U1-PadPD2)")
    (add_net "Net-(U1-PadPD3)")
    (add_net "Net-(U1-PadPD4)")
    (add_net "Net-(U1-PadPD5)")
    (add_net "Net-(U1-PadPD7)")
    (add_net "Net-(U1-PadPE4)")
    (add_net "Net-(U1-PadPE5)")
    (add_net "Net-(U1-PadPF1)")
    (add_net "Net-(U1-PadPF2)")
    (add_net "Net-(U1-PadPF3)")
    (add_net "Net-(U1-PadPG0)")
    (add_net "Net-(U1-PadPG1)")
    (add_net "Net-(U1-PadPH0)")
    (add_net "Net-(U1-PadPH1)")
    (add_net "Net-(U1-PadPH2)")
    (add_net "Net-(U1-PadPH3)")
    (add_net "Net-(U1-PadPK0)")
    (add_net "Net-(U1-PadPK1)")
    (add_net "Net-(U1-PadPK2)")
    (add_net "Net-(U1-PadPK3)")
    (add_net "Net-(U1-PadPK4)")
    (add_net "Net-(U1-PadPK5)")
    (add_net "Net-(U1-PadPK6)")
    (add_net "Net-(U1-PadPK7)")
    (add_net "Net-(U1-PadPL0)")
    (add_net "Net-(U1-PadPL1)")
    (add_net "Net-(U1-PadPL2)")
    (add_net "Net-(U1-PadPL3)")
    (add_net "Net-(U1-PadPL4)")
    (add_net "Net-(U1-PadPL5)")
    (add_net "Net-(U1-PadPM0)")
    (add_net "Net-(U1-PadPM1)")
    (add_net "Net-(U1-PadPM2)")
    (add_net "Net-(U1-PadPM3)")
    (add_net "Net-(U1-PadPM6)")
    (add_net "Net-(U1-PadPM7)")
    (add_net "Net-(U1-PadPN2)")
    (add_net "Net-(U1-PadPN3)")
    (add_net "Net-(U1-PadPN4)")
    (add_net "Net-(U1-PadPN5)")
    (add_net "Net-(U1-PadPP2)")
    (add_net "Net-(U1-PadPP3)")
    (add_net "Net-(U1-PadPP4)")
    (add_net "Net-(U1-PadPP5)")
    (add_net "Net-(U1-PadPQ0)")
    (add_net "Net-(U1-PadPQ1)")
    (add_net "Net-(U1-PadPQ2)")
    (add_net "Net-(U1-PadPQ3)")
    (add_net "Net-(U1-PadRese')")
    (add_net "Net-(U1-PadRese)")
    (add_net "Net-(U4-Pad14)")
    (add_net "Net-(U4-Pad15)")
    (add_net "Net-(U4-Pad2)")
    (add_net "Net-(U4-Pad6)")
    (add_net "Net-(U4-Pad7)")
  )

  (module Capacitor_SMD:C_0603_1608Metric_Pad1.08x0.95mm_HandSolder (layer F.Cu) (tedit 5F68FEEF) (tstamp 5FB4F46B)
    (at 986.215001 -157.864999)
    (descr "Capacitor SMD 0603 (1608 Metric), square (rectangular) end terminal, IPC_7351 nominal with elongated pad for handsoldering. (Body size source: IPC-SM-782 page 76, https://www.pcb-3d.com/wordpress/wp-content/uploads/ipc-sm-782a_amendment_1_and_2.pdf), generated with kicad-footprint-generator")
    (tags "capacitor handsolder")
    (path /5FBDBF87)
    (attr smd)
    (fp_text reference C1 (at 0 -1.43) (layer F.SilkS)
      (effects (font (size 1 1) (thickness 0.15)))
    )
    (fp_text value 10uF (at 0 1.43) (layer F.Fab)
      (effects (font (size 1 1) (thickness 0.15)))
    )
    (fp_line (start 1.65 0.73) (end -1.65 0.73) (layer F.CrtYd) (width 0.05))
    (fp_line (start 1.65 -0.73) (end 1.65 0.73) (layer F.CrtYd) (width 0.05))
    (fp_line (start -1.65 -0.73) (end 1.65 -0.73) (layer F.CrtYd) (width 0.05))
    (fp_line (start -1.65 0.73) (end -1.65 -0.73) (layer F.CrtYd) (width 0.05))
    (fp_line (start -0.146267 0.51) (end 0.146267 0.51) (layer F.SilkS) (width 0.12))
    (fp_line (start -0.146267 -0.51) (end 0.146267 -0.51) (layer F.SilkS) (width 0.12))
    (fp_line (start 0.8 0.4) (end -0.8 0.4) (layer F.Fab) (width 0.1))
    (fp_line (start 0.8 -0.4) (end 0.8 0.4) (layer F.Fab) (width 0.1))
    (fp_line (start -0.8 -0.4) (end 0.8 -0.4) (layer F.Fab) (width 0.1))
    (fp_line (start -0.8 0.4) (end -0.8 -0.4) (layer F.Fab) (width 0.1))
    (fp_text user %R (at 0 0) (layer F.Fab)
      (effects (font (size 0.4 0.4) (thickness 0.06)))
    )
    (pad 1 smd roundrect (at -0.8625 0) (size 1.075 0.95) (layers F.Cu F.Paste F.Mask) (roundrect_rratio 0.25)
      (net 1 +9V))
    (pad 2 smd roundrect (at 0.8625 0) (size 1.075 0.95) (layers F.Cu F.Paste F.Mask) (roundrect_rratio 0.25)
      (net 2 GND))
    (model ${KISYS3DMOD}/Capacitor_SMD.3dshapes/C_0603_1608Metric.wrl
      (at (xyz 0 0 0))
      (scale (xyz 1 1 1))
      (rotate (xyz 0 0 0))
    )
  )

  (module Capacitor_SMD:C_0603_1608Metric_Pad1.08x0.95mm_HandSolder (layer F.Cu) (tedit 5F68FEEF) (tstamp 5FB4F47C)
    (at 1056.935001 -230.454999)
    (descr "Capacitor SMD 0603 (1608 Metric), square (rectangular) end terminal, IPC_7351 nominal with elongated pad for handsoldering. (Body size source: IPC-SM-782 page 76, https://www.pcb-3d.com/wordpress/wp-content/uploads/ipc-sm-782a_amendment_1_and_2.pdf), generated with kicad-footprint-generator")
    (tags "capacitor handsolder")
    (path /5FBDC5CF)
    (attr smd)
    (fp_text reference C2 (at 0 -1.43) (layer F.SilkS)
      (effects (font (size 1 1) (thickness 0.15)))
    )
    (fp_text value 10uF (at 0 1.43) (layer F.Fab)
      (effects (font (size 1 1) (thickness 0.15)))
    )
    (fp_text user %R (at 0 0) (layer F.Fab)
      (effects (font (size 0.4 0.4) (thickness 0.06)))
    )
    (fp_line (start -0.8 0.4) (end -0.8 -0.4) (layer F.Fab) (width 0.1))
    (fp_line (start -0.8 -0.4) (end 0.8 -0.4) (layer F.Fab) (width 0.1))
    (fp_line (start 0.8 -0.4) (end 0.8 0.4) (layer F.Fab) (width 0.1))
    (fp_line (start 0.8 0.4) (end -0.8 0.4) (layer F.Fab) (width 0.1))
    (fp_line (start -0.146267 -0.51) (end 0.146267 -0.51) (layer F.SilkS) (width 0.12))
    (fp_line (start -0.146267 0.51) (end 0.146267 0.51) (layer F.SilkS) (width 0.12))
    (fp_line (start -1.65 0.73) (end -1.65 -0.73) (layer F.CrtYd) (width 0.05))
    (fp_line (start -1.65 -0.73) (end 1.65 -0.73) (layer F.CrtYd) (width 0.05))
    (fp_line (start 1.65 -0.73) (end 1.65 0.73) (layer F.CrtYd) (width 0.05))
    (fp_line (start 1.65 0.73) (end -1.65 0.73) (layer F.CrtYd) (width 0.05))
    (pad 2 smd roundrect (at 0.8625 0) (size 1.075 0.95) (layers F.Cu F.Paste F.Mask) (roundrect_rratio 0.25)
      (net 2 GND))
    (pad 1 smd roundrect (at -0.8625 0) (size 1.075 0.95) (layers F.Cu F.Paste F.Mask) (roundrect_rratio 0.25)
      (net 3 +3V3))
    (model ${KISYS3DMOD}/Capacitor_SMD.3dshapes/C_0603_1608Metric.wrl
      (at (xyz 0 0 0))
      (scale (xyz 1 1 1))
      (rotate (xyz 0 0 0))
    )
  )

  (module Capacitor_SMD:C_0603_1608Metric_Pad1.08x0.95mm_HandSolder (layer F.Cu) (tedit 5F68FEEF) (tstamp 5FB4F48D)
    (at 1053.835001 -225.424999)
    (descr "Capacitor SMD 0603 (1608 Metric), square (rectangular) end terminal, IPC_7351 nominal with elongated pad for handsoldering. (Body size source: IPC-SM-782 page 76, https://www.pcb-3d.com/wordpress/wp-content/uploads/ipc-sm-782a_amendment_1_and_2.pdf), generated with kicad-footprint-generator")
    (tags "capacitor handsolder")
    (path /5FCA0840)
    (attr smd)
    (fp_text reference C3 (at 0 -1.43) (layer F.SilkS)
      (effects (font (size 1 1) (thickness 0.15)))
    )
    (fp_text value 10uF (at 0 1.43) (layer F.Fab)
      (effects (font (size 1 1) (thickness 0.15)))
    )
    (fp_text user %R (at 0 0) (layer F.Fab)
      (effects (font (size 0.4 0.4) (thickness 0.06)))
    )
    (fp_line (start -0.8 0.4) (end -0.8 -0.4) (layer F.Fab) (width 0.1))
    (fp_line (start -0.8 -0.4) (end 0.8 -0.4) (layer F.Fab) (width 0.1))
    (fp_line (start 0.8 -0.4) (end 0.8 0.4) (layer F.Fab) (width 0.1))
    (fp_line (start 0.8 0.4) (end -0.8 0.4) (layer F.Fab) (width 0.1))
    (fp_line (start -0.146267 -0.51) (end 0.146267 -0.51) (layer F.SilkS) (width 0.12))
    (fp_line (start -0.146267 0.51) (end 0.146267 0.51) (layer F.SilkS) (width 0.12))
    (fp_line (start -1.65 0.73) (end -1.65 -0.73) (layer F.CrtYd) (width 0.05))
    (fp_line (start -1.65 -0.73) (end 1.65 -0.73) (layer F.CrtYd) (width 0.05))
    (fp_line (start 1.65 -0.73) (end 1.65 0.73) (layer F.CrtYd) (width 0.05))
    (fp_line (start 1.65 0.73) (end -1.65 0.73) (layer F.CrtYd) (width 0.05))
    (pad 2 smd roundrect (at 0.8625 0) (size 1.075 0.95) (layers F.Cu F.Paste F.Mask) (roundrect_rratio 0.25)
      (net 2 GND))
    (pad 1 smd roundrect (at -0.8625 0) (size 1.075 0.95) (layers F.Cu F.Paste F.Mask) (roundrect_rratio 0.25)
      (net 1 +9V))
    (model ${KISYS3DMOD}/Capacitor_SMD.3dshapes/C_0603_1608Metric.wrl
      (at (xyz 0 0 0))
      (scale (xyz 1 1 1))
      (rotate (xyz 0 0 0))
    )
  )

  (module Capacitor_SMD:C_0603_1608Metric_Pad1.08x0.95mm_HandSolder (layer F.Cu) (tedit 5F68FEEF) (tstamp 5FB4F49E)
    (at 1056.935001 -232.964999)
    (descr "Capacitor SMD 0603 (1608 Metric), square (rectangular) end terminal, IPC_7351 nominal with elongated pad for handsoldering. (Body size source: IPC-SM-782 page 76, https://www.pcb-3d.com/wordpress/wp-content/uploads/ipc-sm-782a_amendment_1_and_2.pdf), generated with kicad-footprint-generator")
    (tags "capacitor handsolder")
    (path /5FCA0846)
    (attr smd)
    (fp_text reference C4 (at 0 -1.43) (layer F.SilkS)
      (effects (font (size 1 1) (thickness 0.15)))
    )
    (fp_text value 10uF (at 0 1.43) (layer F.Fab)
      (effects (font (size 1 1) (thickness 0.15)))
    )
    (fp_line (start 1.65 0.73) (end -1.65 0.73) (layer F.CrtYd) (width 0.05))
    (fp_line (start 1.65 -0.73) (end 1.65 0.73) (layer F.CrtYd) (width 0.05))
    (fp_line (start -1.65 -0.73) (end 1.65 -0.73) (layer F.CrtYd) (width 0.05))
    (fp_line (start -1.65 0.73) (end -1.65 -0.73) (layer F.CrtYd) (width 0.05))
    (fp_line (start -0.146267 0.51) (end 0.146267 0.51) (layer F.SilkS) (width 0.12))
    (fp_line (start -0.146267 -0.51) (end 0.146267 -0.51) (layer F.SilkS) (width 0.12))
    (fp_line (start 0.8 0.4) (end -0.8 0.4) (layer F.Fab) (width 0.1))
    (fp_line (start 0.8 -0.4) (end 0.8 0.4) (layer F.Fab) (width 0.1))
    (fp_line (start -0.8 -0.4) (end 0.8 -0.4) (layer F.Fab) (width 0.1))
    (fp_line (start -0.8 0.4) (end -0.8 -0.4) (layer F.Fab) (width 0.1))
    (fp_text user %R (at 0 0) (layer F.Fab)
      (effects (font (size 0.4 0.4) (thickness 0.06)))
    )
    (pad 1 smd roundrect (at -0.8625 0) (size 1.075 0.95) (layers F.Cu F.Paste F.Mask) (roundrect_rratio 0.25)
      (net 4 +5V))
    (pad 2 smd roundrect (at 0.8625 0) (size 1.075 0.95) (layers F.Cu F.Paste F.Mask) (roundrect_rratio 0.25)
      (net 2 GND))
    (model ${KISYS3DMOD}/Capacitor_SMD.3dshapes/C_0603_1608Metric.wrl
      (at (xyz 0 0 0))
      (scale (xyz 1 1 1))
      (rotate (xyz 0 0 0))
    )
  )

  (module Capacitor_SMD:C_0603_1608Metric_Pad1.08x0.95mm_HandSolder (layer F.Cu) (tedit 5F68FEEF) (tstamp 5FB4F4AF)
    (at 1056.935001 -235.474999)
    (descr "Capacitor SMD 0603 (1608 Metric), square (rectangular) end terminal, IPC_7351 nominal with elongated pad for handsoldering. (Body size source: IPC-SM-782 page 76, https://www.pcb-3d.com/wordpress/wp-content/uploads/ipc-sm-782a_amendment_1_and_2.pdf), generated with kicad-footprint-generator")
    (tags "capacitor handsolder")
    (path /5F9FBF43)
    (attr smd)
    (fp_text reference C5 (at 0 -1.43) (layer F.SilkS)
      (effects (font (size 1 1) (thickness 0.15)))
    )
    (fp_text value 47pF (at 0 1.43) (layer F.Fab)
      (effects (font (size 1 1) (thickness 0.15)))
    )
    (fp_line (start 1.65 0.73) (end -1.65 0.73) (layer F.CrtYd) (width 0.05))
    (fp_line (start 1.65 -0.73) (end 1.65 0.73) (layer F.CrtYd) (width 0.05))
    (fp_line (start -1.65 -0.73) (end 1.65 -0.73) (layer F.CrtYd) (width 0.05))
    (fp_line (start -1.65 0.73) (end -1.65 -0.73) (layer F.CrtYd) (width 0.05))
    (fp_line (start -0.146267 0.51) (end 0.146267 0.51) (layer F.SilkS) (width 0.12))
    (fp_line (start -0.146267 -0.51) (end 0.146267 -0.51) (layer F.SilkS) (width 0.12))
    (fp_line (start 0.8 0.4) (end -0.8 0.4) (layer F.Fab) (width 0.1))
    (fp_line (start 0.8 -0.4) (end 0.8 0.4) (layer F.Fab) (width 0.1))
    (fp_line (start -0.8 -0.4) (end 0.8 -0.4) (layer F.Fab) (width 0.1))
    (fp_line (start -0.8 0.4) (end -0.8 -0.4) (layer F.Fab) (width 0.1))
    (fp_text user %R (at 0 0) (layer F.Fab)
      (effects (font (size 0.4 0.4) (thickness 0.06)))
    )
    (pad 1 smd roundrect (at -0.8625 0) (size 1.075 0.95) (layers F.Cu F.Paste F.Mask) (roundrect_rratio 0.25)
      (net 5 "Net-(C5-Pad1)"))
    (pad 2 smd roundrect (at 0.8625 0) (size 1.075 0.95) (layers F.Cu F.Paste F.Mask) (roundrect_rratio 0.25)
      (net 2 GND))
    (model ${KISYS3DMOD}/Capacitor_SMD.3dshapes/C_0603_1608Metric.wrl
      (at (xyz 0 0 0))
      (scale (xyz 1 1 1))
      (rotate (xyz 0 0 0))
    )
  )

  (module Capacitor_SMD:C_0603_1608Metric_Pad1.08x0.95mm_HandSolder (layer F.Cu) (tedit 5F68FEEF) (tstamp 5FB4F4C0)
    (at 1056.935001 -237.984999)
    (descr "Capacitor SMD 0603 (1608 Metric), square (rectangular) end terminal, IPC_7351 nominal with elongated pad for handsoldering. (Body size source: IPC-SM-782 page 76, https://www.pcb-3d.com/wordpress/wp-content/uploads/ipc-sm-782a_amendment_1_and_2.pdf), generated with kicad-footprint-generator")
    (tags "capacitor handsolder")
    (path /5F9FB95E)
    (attr smd)
    (fp_text reference C6 (at 0 -1.43) (layer F.SilkS)
      (effects (font (size 1 1) (thickness 0.15)))
    )
    (fp_text value 47pF (at 0 1.43) (layer F.Fab)
      (effects (font (size 1 1) (thickness 0.15)))
    )
    (fp_text user %R (at 0 0) (layer F.Fab)
      (effects (font (size 0.4 0.4) (thickness 0.06)))
    )
    (fp_line (start -0.8 0.4) (end -0.8 -0.4) (layer F.Fab) (width 0.1))
    (fp_line (start -0.8 -0.4) (end 0.8 -0.4) (layer F.Fab) (width 0.1))
    (fp_line (start 0.8 -0.4) (end 0.8 0.4) (layer F.Fab) (width 0.1))
    (fp_line (start 0.8 0.4) (end -0.8 0.4) (layer F.Fab) (width 0.1))
    (fp_line (start -0.146267 -0.51) (end 0.146267 -0.51) (layer F.SilkS) (width 0.12))
    (fp_line (start -0.146267 0.51) (end 0.146267 0.51) (layer F.SilkS) (width 0.12))
    (fp_line (start -1.65 0.73) (end -1.65 -0.73) (layer F.CrtYd) (width 0.05))
    (fp_line (start -1.65 -0.73) (end 1.65 -0.73) (layer F.CrtYd) (width 0.05))
    (fp_line (start 1.65 -0.73) (end 1.65 0.73) (layer F.CrtYd) (width 0.05))
    (fp_line (start 1.65 0.73) (end -1.65 0.73) (layer F.CrtYd) (width 0.05))
    (pad 2 smd roundrect (at 0.8625 0) (size 1.075 0.95) (layers F.Cu F.Paste F.Mask) (roundrect_rratio 0.25)
      (net 2 GND))
    (pad 1 smd roundrect (at -0.8625 0) (size 1.075 0.95) (layers F.Cu F.Paste F.Mask) (roundrect_rratio 0.25)
      (net 6 "Net-(C6-Pad1)"))
    (model ${KISYS3DMOD}/Capacitor_SMD.3dshapes/C_0603_1608Metric.wrl
      (at (xyz 0 0 0))
      (scale (xyz 1 1 1))
      (rotate (xyz 0 0 0))
    )
  )

  (module Capacitor_SMD:C_0603_1608Metric_Pad1.08x0.95mm_HandSolder (layer F.Cu) (tedit 5F68FEEF) (tstamp 5FB4F4D1)
    (at 1056.935001 -240.494999)
    (descr "Capacitor SMD 0603 (1608 Metric), square (rectangular) end terminal, IPC_7351 nominal with elongated pad for handsoldering. (Body size source: IPC-SM-782 page 76, https://www.pcb-3d.com/wordpress/wp-content/uploads/ipc-sm-782a_amendment_1_and_2.pdf), generated with kicad-footprint-generator")
    (tags "capacitor handsolder")
    (path /5F9FAC25)
    (attr smd)
    (fp_text reference C7 (at 0 -1.43) (layer F.SilkS)
      (effects (font (size 1 1) (thickness 0.15)))
    )
    (fp_text value 100nF (at 0 1.43) (layer F.Fab)
      (effects (font (size 1 1) (thickness 0.15)))
    )
    (fp_line (start 1.65 0.73) (end -1.65 0.73) (layer F.CrtYd) (width 0.05))
    (fp_line (start 1.65 -0.73) (end 1.65 0.73) (layer F.CrtYd) (width 0.05))
    (fp_line (start -1.65 -0.73) (end 1.65 -0.73) (layer F.CrtYd) (width 0.05))
    (fp_line (start -1.65 0.73) (end -1.65 -0.73) (layer F.CrtYd) (width 0.05))
    (fp_line (start -0.146267 0.51) (end 0.146267 0.51) (layer F.SilkS) (width 0.12))
    (fp_line (start -0.146267 -0.51) (end 0.146267 -0.51) (layer F.SilkS) (width 0.12))
    (fp_line (start 0.8 0.4) (end -0.8 0.4) (layer F.Fab) (width 0.1))
    (fp_line (start 0.8 -0.4) (end 0.8 0.4) (layer F.Fab) (width 0.1))
    (fp_line (start -0.8 -0.4) (end 0.8 -0.4) (layer F.Fab) (width 0.1))
    (fp_line (start -0.8 0.4) (end -0.8 -0.4) (layer F.Fab) (width 0.1))
    (fp_text user %R (at 0 0) (layer F.Fab)
      (effects (font (size 0.4 0.4) (thickness 0.06)))
    )
    (pad 1 smd roundrect (at -0.8625 0) (size 1.075 0.95) (layers F.Cu F.Paste F.Mask) (roundrect_rratio 0.25)
      (net 7 "Net-(C7-Pad1)"))
    (pad 2 smd roundrect (at 0.8625 0) (size 1.075 0.95) (layers F.Cu F.Paste F.Mask) (roundrect_rratio 0.25)
      (net 2 GND))
    (model ${KISYS3DMOD}/Capacitor_SMD.3dshapes/C_0603_1608Metric.wrl
      (at (xyz 0 0 0))
      (scale (xyz 1 1 1))
      (rotate (xyz 0 0 0))
    )
  )

  (module MRDT_Connectors:CR1220_Battery_Holder (layer F.Cu) (tedit 5DD89738) (tstamp 5FB4F4DD)
    (at 1026.44 -236.144999)
    (path /5FD1103B)
    (fp_text reference Conn1 (at 11.9634 6.3246) (layer F.SilkS)
      (effects (font (size 1 1) (thickness 0.15)))
    )
    (fp_text value 12mm_Coin_Cell_Battery_Holder (at 7.62 -8.5344) (layer F.Fab)
      (effects (font (size 1 1) (thickness 0.15)))
    )
    (fp_line (start 13.97 5.08) (end 13.97 -6.096) (layer F.SilkS) (width 0.15))
    (fp_line (start 1.27 5.08) (end 1.27 -6.096) (layer F.SilkS) (width 0.15))
    (fp_line (start 1.27 -6.096) (end 2.794 -7.62) (layer F.SilkS) (width 0.15))
    (fp_line (start 13.97 -6.096) (end 12.446 -7.62) (layer F.SilkS) (width 0.15))
    (fp_line (start 12.446 -7.62) (end 2.794 -7.62) (layer F.SilkS) (width 0.15))
    (pad 1 smd rect (at 0 0) (size 2.54 6.35) (layers F.Cu F.Paste F.Mask))
    (pad 1 smd rect (at 15.24 0) (size 2.54 6.35) (layers F.Cu F.Paste F.Mask))
    (pad 2 smd circle (at 7.62 0) (size 10.16 10.16) (layers F.Cu F.Paste F.Mask))
    (model "${MRDT_KICAD_LIBRARIES}/3D Files/MRDT_Connctors/CR1220 SMD Contact.stp"
      (offset (xyz 13.96999979019165 6.984999895095826 0))
      (scale (xyz 1 1 1))
      (rotate (xyz 0 0 180))
    )
  )

  (module MRDT_Connectors:MOLEX_SL_04_Vertical (layer F.Cu) (tedit 5DD89579) (tstamp 5FB4F4ED)
    (at 930.865001 -157.070999)
    (path /5FA53F24)
    (fp_text reference Conn2 (at -0.635 3.302) (layer F.SilkS) hide
      (effects (font (size 1 1) (thickness 0.15)))
    )
    (fp_text value Joystick_OUT (at 3.556 3.302) (layer F.Fab)
      (effects (font (size 1 1) (thickness 0.15)))
    )
    (fp_line (start -2.54 2.54) (end -2.54 -2.54) (layer F.SilkS) (width 0.15))
    (fp_line (start 10.16 2.54) (end 10.16 -2.54) (layer F.SilkS) (width 0.15))
    (fp_line (start -2.54 -2.54) (end 10.16 -2.54) (layer F.SilkS) (width 0.15))
    (fp_line (start 10.16 2.54) (end -2.54 2.54) (layer F.SilkS) (width 0.15))
    (fp_line (start -2.54 -4.064) (end -2.54 -2.54) (layer F.SilkS) (width 0.15))
    (fp_line (start 10.16 -2.54) (end 10.16 -4.064) (layer F.SilkS) (width 0.15))
    (fp_line (start 10.16 -4.064) (end -2.54 -4.064) (layer F.SilkS) (width 0.15))
    (pad 1 thru_hole circle (at 0 0) (size 1.524 1.524) (drill 0.9) (layers *.Cu *.Mask)
      (net 8 ELEV_PLUS))
    (pad 2 thru_hole circle (at 2.54 0) (size 1.524 1.524) (drill 0.9) (layers *.Cu *.Mask)
      (net 9 ELEV_MINUS))
    (pad 3 thru_hole circle (at 5.08 0) (size 1.524 1.524) (drill 0.9) (layers *.Cu *.Mask)
      (net 10 AZI_PLUS))
    (pad 4 thru_hole circle (at 7.62 0) (size 1.524 1.524) (drill 0.9) (layers *.Cu *.Mask)
      (net 11 AZI_MINUS))
    (pad 4 thru_hole circle (at 7.62 0) (size 1.524 1.524) (drill 0.9) (layers *.Cu *.Mask)
      (net 11 AZI_MINUS))
    (model "${MRDT_KICAD_LIBRARIES}/3D Files/MRDT_Connctors/Molex_SL_04_Vertical.stp"
      (offset (xyz -2.539999961853027 -2.539999961853027 13.33499979972839))
      (scale (xyz 1 1 1))
      (rotate (xyz 90 0 0))
    )
  )

  (module MRDT_Connectors:MOLEX_SL_04_Vertical (layer F.Cu) (tedit 5DD89579) (tstamp 5FB4F4FD)
    (at 944.715001 -157.070999)
    (path /5FA679CC)
    (fp_text reference Conn3 (at -0.635 3.302) (layer F.SilkS) hide
      (effects (font (size 1 1) (thickness 0.15)))
    )
    (fp_text value Joystick_GND (at 3.556 3.302) (layer F.Fab)
      (effects (font (size 1 1) (thickness 0.15)))
    )
    (fp_line (start 10.16 -4.064) (end -2.54 -4.064) (layer F.SilkS) (width 0.15))
    (fp_line (start 10.16 -2.54) (end 10.16 -4.064) (layer F.SilkS) (width 0.15))
    (fp_line (start -2.54 -4.064) (end -2.54 -2.54) (layer F.SilkS) (width 0.15))
    (fp_line (start 10.16 2.54) (end -2.54 2.54) (layer F.SilkS) (width 0.15))
    (fp_line (start -2.54 -2.54) (end 10.16 -2.54) (layer F.SilkS) (width 0.15))
    (fp_line (start 10.16 2.54) (end 10.16 -2.54) (layer F.SilkS) (width 0.15))
    (fp_line (start -2.54 2.54) (end -2.54 -2.54) (layer F.SilkS) (width 0.15))
    (pad 4 thru_hole circle (at 7.62 0) (size 1.524 1.524) (drill 0.9) (layers *.Cu *.Mask)
      (net 2 GND))
    (pad 4 thru_hole circle (at 7.62 0) (size 1.524 1.524) (drill 0.9) (layers *.Cu *.Mask)
      (net 2 GND))
    (pad 3 thru_hole circle (at 5.08 0) (size 1.524 1.524) (drill 0.9) (layers *.Cu *.Mask)
      (net 2 GND))
    (pad 2 thru_hole circle (at 2.54 0) (size 1.524 1.524) (drill 0.9) (layers *.Cu *.Mask)
      (net 2 GND))
    (pad 1 thru_hole circle (at 0 0) (size 1.524 1.524) (drill 0.9) (layers *.Cu *.Mask)
      (net 2 GND))
    (model "${MRDT_KICAD_LIBRARIES}/3D Files/MRDT_Connctors/Molex_SL_04_Vertical.stp"
      (offset (xyz -2.539999961853027 -2.539999961853027 13.33499979972839))
      (scale (xyz 1 1 1))
      (rotate (xyz 90 0 0))
    )
  )

  (module MRDT_Connectors:MOLEX_SL_02_Vertical (layer F.Cu) (tedit 5DD89514) (tstamp 5FB4F50A)
    (at 969.875001 -157.324999)
    (path /5FB20EE3)
    (fp_text reference Conn4 (at -0.635 3.429) (layer F.SilkS) hide
      (effects (font (size 1 1) (thickness 0.15)))
    )
    (fp_text value ELEV (at 2.286 3.429) (layer F.Fab)
      (effects (font (size 1 1) (thickness 0.15)))
    )
    (fp_line (start -2.54 -3.81) (end 4.953 -3.81) (layer F.SilkS) (width 0.15))
    (fp_line (start 4.953 -3.81) (end 4.953 -2.54) (layer F.SilkS) (width 0.15))
    (fp_line (start -2.54 -2.54) (end -2.54 -3.81) (layer F.SilkS) (width 0.15))
    (fp_line (start 4.953 2.54) (end -2.54 2.54) (layer F.SilkS) (width 0.15))
    (fp_line (start -2.54 -2.54) (end 4.953 -2.54) (layer F.SilkS) (width 0.15))
    (fp_line (start 4.953 -2.54) (end 4.953 2.54) (layer F.SilkS) (width 0.15))
    (fp_line (start -2.54 -2.54) (end -2.54 2.54) (layer F.SilkS) (width 0.15))
    (pad 2 thru_hole circle (at 2.54 0) (size 1.524 1.524) (drill 0.9) (layers *.Cu *.Mask)
      (net 2 GND))
    (pad 1 thru_hole circle (at 0 0) (size 1.524 1.524) (drill 0.9) (layers *.Cu *.Mask)
      (net 12 ELEV_CTL))
    (model "${MRDT_KICAD_LIBRARIES}/3D Files/MRDT_Connctors/Molex_SL_02_Vertical.stp"
      (offset (xyz -2.539999961853027 -2.539999961853027 13.33499979972839))
      (scale (xyz 1 1 1))
      (rotate (xyz 90 0 0))
    )
  )

  (module MRDT_Connectors:MOLEX_SL_02_Vertical (layer F.Cu) (tedit 5DD89514) (tstamp 5FB4F517)
    (at 1046.135001 -222.294999)
    (path /5FB2431D)
    (fp_text reference Conn5 (at -0.635 3.429) (layer F.SilkS) hide
      (effects (font (size 1 1) (thickness 0.15)))
    )
    (fp_text value AZI (at 2.286 3.429) (layer F.Fab)
      (effects (font (size 1 1) (thickness 0.15)))
    )
    (fp_line (start -2.54 -2.54) (end -2.54 2.54) (layer F.SilkS) (width 0.15))
    (fp_line (start 4.953 -2.54) (end 4.953 2.54) (layer F.SilkS) (width 0.15))
    (fp_line (start -2.54 -2.54) (end 4.953 -2.54) (layer F.SilkS) (width 0.15))
    (fp_line (start 4.953 2.54) (end -2.54 2.54) (layer F.SilkS) (width 0.15))
    (fp_line (start -2.54 -2.54) (end -2.54 -3.81) (layer F.SilkS) (width 0.15))
    (fp_line (start 4.953 -3.81) (end 4.953 -2.54) (layer F.SilkS) (width 0.15))
    (fp_line (start -2.54 -3.81) (end 4.953 -3.81) (layer F.SilkS) (width 0.15))
    (pad 1 thru_hole circle (at 0 0) (size 1.524 1.524) (drill 0.9) (layers *.Cu *.Mask)
      (net 13 AZI_CTL))
    (pad 2 thru_hole circle (at 2.54 0) (size 1.524 1.524) (drill 0.9) (layers *.Cu *.Mask)
      (net 2 GND))
    (model "${MRDT_KICAD_LIBRARIES}/3D Files/MRDT_Connctors/Molex_SL_02_Vertical.stp"
      (offset (xyz -2.539999961853027 -2.539999961853027 13.33499979972839))
      (scale (xyz 1 1 1))
      (rotate (xyz 90 0 0))
    )
  )

  (module MRDT_Connectors:MOLEX_SL_10_Vertical (layer F.Cu) (tedit 5DD89689) (tstamp 5FB4F52C)
    (at 901.775001 -157.070999)
    (path /5FABBB85)
    (fp_text reference Conn6 (at -0.635 3.683) (layer F.SilkS) hide
      (effects (font (size 1 1) (thickness 0.15)))
    )
    (fp_text value Switches (at 11.43 3.556) (layer F.Fab)
      (effects (font (size 1 1) (thickness 0.15)))
    )
    (fp_line (start -2.54 2.54) (end -2.54 -2.54) (layer F.SilkS) (width 0.15))
    (fp_line (start 25.4 2.54) (end 25.4 -2.54) (layer F.SilkS) (width 0.15))
    (fp_line (start -2.54 -2.54) (end 25.4 -2.54) (layer F.SilkS) (width 0.15))
    (fp_line (start 25.4 2.54) (end -2.54 2.54) (layer F.SilkS) (width 0.15))
    (fp_line (start -2.54 -4.064) (end -2.54 -2.54) (layer F.SilkS) (width 0.15))
    (fp_line (start 25.4 -2.54) (end 25.4 -4.064) (layer F.SilkS) (width 0.15))
    (fp_line (start 25.4 -4.064) (end -2.54 -4.064) (layer F.SilkS) (width 0.15))
    (pad 1 thru_hole circle (at 0 0) (size 1.524 1.524) (drill 0.9) (layers *.Cu *.Mask)
      (net 3 +3V3))
    (pad 2 thru_hole circle (at 2.54 0) (size 1.524 1.524) (drill 0.9) (layers *.Cu *.Mask)
      (net 14 "Net-(Conn6-Pad2)"))
    (pad 3 thru_hole circle (at 5.08 0) (size 1.524 1.524) (drill 0.9) (layers *.Cu *.Mask)
      (net 14 "Net-(Conn6-Pad2)"))
    (pad 4 thru_hole circle (at 7.62 0) (size 1.524 1.524) (drill 0.9) (layers *.Cu *.Mask)
      (net 15 "Net-(Conn6-Pad4)"))
    (pad 5 thru_hole circle (at 10.16 0) (size 1.524 1.524) (drill 0.9) (layers *.Cu *.Mask)
      (net 15 "Net-(Conn6-Pad4)"))
    (pad 6 thru_hole circle (at 12.7 0) (size 1.524 1.524) (drill 0.9) (layers *.Cu *.Mask)
      (net 16 "Net-(Conn6-Pad6)"))
    (pad 7 thru_hole circle (at 15.24 0) (size 1.524 1.524) (drill 0.9) (layers *.Cu *.Mask)
      (net 16 "Net-(Conn6-Pad6)"))
    (pad 8 thru_hole circle (at 17.78 0) (size 1.524 1.524) (drill 0.9) (layers *.Cu *.Mask)
      (net 17 "Net-(Conn6-Pad8)"))
    (pad 9 thru_hole circle (at 20.32 0) (size 1.524 1.524) (drill 0.9) (layers *.Cu *.Mask)
      (net 17 "Net-(Conn6-Pad8)"))
    (pad 10 thru_hole circle (at 22.86 0) (size 1.524 1.524) (drill 0.9) (layers *.Cu *.Mask)
      (net 18 "Net-(Conn6-Pad10)"))
    (model "${MRDT_KICAD_LIBRARIES}/3D Files/MRDT_Connctors/Molex_SL_10_Vertical.stp"
      (offset (xyz -2.539999961853027 -2.539999961853027 13.33499979972839))
      (scale (xyz 1 1 1))
      (rotate (xyz 90 0 0))
    )
  )

  (module MRDT_Connectors:MOLEX_SL_02_Vertical (layer F.Cu) (tedit 5DD89514) (tstamp 5FB4F539)
    (at 978.515001 -157.324999)
    (path /5FABE786)
    (fp_text reference Conn7 (at -0.635 3.429) (layer F.SilkS) hide
      (effects (font (size 1 1) (thickness 0.15)))
    )
    (fp_text value Green_LED (at 2.286 3.429) (layer F.Fab)
      (effects (font (size 1 1) (thickness 0.15)))
    )
    (fp_line (start -2.54 -2.54) (end -2.54 2.54) (layer F.SilkS) (width 0.15))
    (fp_line (start 4.953 -2.54) (end 4.953 2.54) (layer F.SilkS) (width 0.15))
    (fp_line (start -2.54 -2.54) (end 4.953 -2.54) (layer F.SilkS) (width 0.15))
    (fp_line (start 4.953 2.54) (end -2.54 2.54) (layer F.SilkS) (width 0.15))
    (fp_line (start -2.54 -2.54) (end -2.54 -3.81) (layer F.SilkS) (width 0.15))
    (fp_line (start 4.953 -3.81) (end 4.953 -2.54) (layer F.SilkS) (width 0.15))
    (fp_line (start -2.54 -3.81) (end 4.953 -3.81) (layer F.SilkS) (width 0.15))
    (pad 1 thru_hole circle (at 0 0) (size 1.524 1.524) (drill 0.9) (layers *.Cu *.Mask)
      (net 18 "Net-(Conn6-Pad10)"))
    (pad 2 thru_hole circle (at 2.54 0) (size 1.524 1.524) (drill 0.9) (layers *.Cu *.Mask)
      (net 2 GND))
    (model "${MRDT_KICAD_LIBRARIES}/3D Files/MRDT_Connctors/Molex_SL_02_Vertical.stp"
      (offset (xyz -2.539999961853027 -2.539999961853027 13.33499979972839))
      (scale (xyz 1 1 1))
      (rotate (xyz 90 0 0))
    )
  )

  (module MRDT_Connectors:MOLEX_SL_03_Vertical (layer F.Cu) (tedit 5DD89560) (tstamp 5FB4F547)
    (at 958.565001 -157.070999)
    (path /5FD78A4E)
    (fp_text reference Conn8 (at -0.635 3.429) (layer F.SilkS) hide
      (effects (font (size 1 1) (thickness 0.15)))
    )
    (fp_text value Molex_SL_03 (at 2.54 3.429) (layer F.Fab)
      (effects (font (size 1 1) (thickness 0.15)))
    )
    (fp_line (start 7.62 2.54) (end 7.62 -2.54) (layer F.SilkS) (width 0.15))
    (fp_line (start -2.54 2.54) (end -2.54 -2.54) (layer F.SilkS) (width 0.15))
    (fp_line (start 7.62 -2.54) (end -2.54 -2.54) (layer F.SilkS) (width 0.15))
    (fp_line (start -2.54 2.54) (end 7.62 2.54) (layer F.SilkS) (width 0.15))
    (fp_line (start -2.54 -4.064) (end -2.54 -2.54) (layer F.SilkS) (width 0.15))
    (fp_line (start 7.62 -2.54) (end 7.62 -4.064) (layer F.SilkS) (width 0.15))
    (fp_line (start 7.62 -4.064) (end -2.54 -4.064) (layer F.SilkS) (width 0.15))
    (pad 1 thru_hole circle (at 0 0) (size 1.524 1.524) (drill 0.9) (layers *.Cu *.Mask)
      (net 3 +3V3))
    (pad 2 thru_hole circle (at 2.54 0) (size 1.524 1.524) (drill 0.9) (layers *.Cu *.Mask)
      (net 19 LCD_TX))
    (pad 3 thru_hole circle (at 5.08 0) (size 1.524 1.524) (drill 0.9) (layers *.Cu *.Mask)
      (net 2 GND))
    (model "${MRDT_KICAD_LIBRARIES}/3D Files/MRDT_Connctors/Molex_SL_03_Vertical.stp"
      (offset (xyz -2.539999961853027 -2.539999961853027 13.33499979972839))
      (scale (xyz 1 1 1))
      (rotate (xyz 90 0 0))
    )
  )

  (module LED_SMD:LED_0603_1608Metric_Pad1.05x0.95mm_HandSolder (layer F.Cu) (tedit 5F68FEF1) (tstamp 5FB4F55A)
    (at 1056.980001 -243.044999)
    (descr "LED SMD 0603 (1608 Metric), square (rectangular) end terminal, IPC_7351 nominal, (Body size source: http://www.tortai-tech.com/upload/download/2011102023233369053.pdf), generated with kicad-footprint-generator")
    (tags "LED handsolder")
    (path /5FA0A6C1)
    (attr smd)
    (fp_text reference D1 (at 0 -1.43) (layer F.SilkS)
      (effects (font (size 1 1) (thickness 0.15)))
    )
    (fp_text value PINK (at 0 1.43) (layer F.Fab)
      (effects (font (size 1 1) (thickness 0.15)))
    )
    (fp_text user %R (at 0 0) (layer F.Fab)
      (effects (font (size 0.4 0.4) (thickness 0.06)))
    )
    (fp_line (start 0.8 -0.4) (end -0.5 -0.4) (layer F.Fab) (width 0.1))
    (fp_line (start -0.5 -0.4) (end -0.8 -0.1) (layer F.Fab) (width 0.1))
    (fp_line (start -0.8 -0.1) (end -0.8 0.4) (layer F.Fab) (width 0.1))
    (fp_line (start -0.8 0.4) (end 0.8 0.4) (layer F.Fab) (width 0.1))
    (fp_line (start 0.8 0.4) (end 0.8 -0.4) (layer F.Fab) (width 0.1))
    (fp_line (start 0.8 -0.735) (end -1.66 -0.735) (layer F.SilkS) (width 0.12))
    (fp_line (start -1.66 -0.735) (end -1.66 0.735) (layer F.SilkS) (width 0.12))
    (fp_line (start -1.66 0.735) (end 0.8 0.735) (layer F.SilkS) (width 0.12))
    (fp_line (start -1.65 0.73) (end -1.65 -0.73) (layer F.CrtYd) (width 0.05))
    (fp_line (start -1.65 -0.73) (end 1.65 -0.73) (layer F.CrtYd) (width 0.05))
    (fp_line (start 1.65 -0.73) (end 1.65 0.73) (layer F.CrtYd) (width 0.05))
    (fp_line (start 1.65 0.73) (end -1.65 0.73) (layer F.CrtYd) (width 0.05))
    (pad 2 smd roundrect (at 0.875 0) (size 1.05 0.95) (layers F.Cu F.Paste F.Mask) (roundrect_rratio 0.25)
      (net 20 "Net-(D1-Pad2)"))
    (pad 1 smd roundrect (at -0.875 0) (size 1.05 0.95) (layers F.Cu F.Paste F.Mask) (roundrect_rratio 0.25)
      (net 2 GND))
    (model ${KISYS3DMOD}/LED_SMD.3dshapes/LED_0603_1608Metric.wrl
      (at (xyz 0 0 0))
      (scale (xyz 1 1 1))
      (rotate (xyz 0 0 0))
    )
  )

  (module LED_SMD:LED_0603_1608Metric_Pad1.05x0.95mm_HandSolder (layer F.Cu) (tedit 5F68FEF1) (tstamp 5FB4F56D)
    (at 986.260001 -160.414999)
    (descr "LED SMD 0603 (1608 Metric), square (rectangular) end terminal, IPC_7351 nominal, (Body size source: http://www.tortai-tech.com/upload/download/2011102023233369053.pdf), generated with kicad-footprint-generator")
    (tags "LED handsolder")
    (path /5FA0AE1D)
    (attr smd)
    (fp_text reference D2 (at 0 -1.43) (layer F.SilkS)
      (effects (font (size 1 1) (thickness 0.15)))
    )
    (fp_text value PINK (at 0 1.43) (layer F.Fab)
      (effects (font (size 1 1) (thickness 0.15)))
    )
    (fp_line (start 1.65 0.73) (end -1.65 0.73) (layer F.CrtYd) (width 0.05))
    (fp_line (start 1.65 -0.73) (end 1.65 0.73) (layer F.CrtYd) (width 0.05))
    (fp_line (start -1.65 -0.73) (end 1.65 -0.73) (layer F.CrtYd) (width 0.05))
    (fp_line (start -1.65 0.73) (end -1.65 -0.73) (layer F.CrtYd) (width 0.05))
    (fp_line (start -1.66 0.735) (end 0.8 0.735) (layer F.SilkS) (width 0.12))
    (fp_line (start -1.66 -0.735) (end -1.66 0.735) (layer F.SilkS) (width 0.12))
    (fp_line (start 0.8 -0.735) (end -1.66 -0.735) (layer F.SilkS) (width 0.12))
    (fp_line (start 0.8 0.4) (end 0.8 -0.4) (layer F.Fab) (width 0.1))
    (fp_line (start -0.8 0.4) (end 0.8 0.4) (layer F.Fab) (width 0.1))
    (fp_line (start -0.8 -0.1) (end -0.8 0.4) (layer F.Fab) (width 0.1))
    (fp_line (start -0.5 -0.4) (end -0.8 -0.1) (layer F.Fab) (width 0.1))
    (fp_line (start 0.8 -0.4) (end -0.5 -0.4) (layer F.Fab) (width 0.1))
    (fp_text user %R (at 0 0) (layer F.Fab)
      (effects (font (size 0.4 0.4) (thickness 0.06)))
    )
    (pad 1 smd roundrect (at -0.875 0) (size 1.05 0.95) (layers F.Cu F.Paste F.Mask) (roundrect_rratio 0.25)
      (net 2 GND))
    (pad 2 smd roundrect (at 0.875 0) (size 1.05 0.95) (layers F.Cu F.Paste F.Mask) (roundrect_rratio 0.25)
      (net 21 "Net-(D2-Pad2)"))
    (model ${KISYS3DMOD}/LED_SMD.3dshapes/LED_0603_1608Metric.wrl
      (at (xyz 0 0 0))
      (scale (xyz 1 1 1))
      (rotate (xyz 0 0 0))
    )
  )

  (module Connector_USB:USB_A_Stewart_SS-52100-001_Horizontal (layer F.Cu) (tedit 5CB49A87) (tstamp 5FB4F5A1)
    (at 1030.345001 -228.454999)
    (descr "USB A connector https://belfuse.com/resources/drawings/stewartconnector/dr-stw-ss-52100-001.pdf")
    (tags "USB_A Female Connector receptacle")
    (path /5FA36A0D)
    (fp_text reference J1 (at 3.5 -2.26) (layer F.SilkS)
      (effects (font (size 1 1) (thickness 0.15)))
    )
    (fp_text value USB_A (at 3.5 14.49) (layer F.Fab)
      (effects (font (size 1 1) (thickness 0.15)))
    )
    (fp_line (start -5.15 1.99) (end -4.25 0.69) (layer F.CrtYd) (width 0.05))
    (fp_line (start -5.15 3.44) (end -5.15 1.99) (layer F.CrtYd) (width 0.05))
    (fp_line (start -3.25 4.74) (end -4.25 4.74) (layer F.CrtYd) (width 0.05))
